(kicad_pcb (version 20171130) (host pcbnew "(5.1.6)-1")

  (general
    (thickness 1.6)
    (drawings 3)
    (tracks 0)
    (zones 0)
    (modules 52)
    (nets 35)
  )

  (page A4)
  (layers
    (0 F.Cu signal)
    (31 B.Cu signal)
    (32 B.Adhes user)
    (33 F.Adhes user hide)
    (34 B.Paste user)
    (35 F.Paste user)
    (36 B.SilkS user)
    (37 F.SilkS user)
    (38 B.Mask user)
    (39 F.Mask user)
    (40 Dwgs.User user)
    (41 Cmts.User user)
    (42 Eco1.User user)
    (43 Eco2.User user)
    (44 Edge.Cuts user)
    (45 Margin user)
    (46 B.CrtYd user)
    (47 F.CrtYd user hide)
    (48 B.Fab user)
    (49 F.Fab user hide)
  )

  (setup
    (last_trace_width 0.25)
    (user_trace_width 0.5)
    (trace_clearance 0.2)
    (zone_clearance 0.508)
    (zone_45_only no)
    (trace_min 0.2)
    (via_size 0.8)
    (via_drill 0.4)
    (via_min_size 0.4)
    (via_min_drill 0.3)
    (uvia_size 0.3)
    (uvia_drill 0.1)
    (uvias_allowed no)
    (uvia_min_size 0.2)
    (uvia_min_drill 0.1)
    (edge_width 0.05)
    (segment_width 0.2)
    (pcb_text_width 0.3)
    (pcb_text_size 1.5 1.5)
    (mod_edge_width 0.12)
    (mod_text_size 1 1)
    (mod_text_width 0.15)
    (pad_size 1.6 1.6)
    (pad_drill 0.8)
    (pad_to_mask_clearance 0)
    (aux_axis_origin 0 0)
    (visible_elements 7FFFFFFF)
    (pcbplotparams
      (layerselection 0x010fc_ffffffff)
      (usegerberextensions false)
      (usegerberattributes true)
      (usegerberadvancedattributes true)
      (creategerberjobfile true)
      (excludeedgelayer true)
      (linewidth 0.100000)
      (plotframeref false)
      (viasonmask false)
      (mode 1)
      (useauxorigin false)
      (hpglpennumber 1)
      (hpglpenspeed 20)
      (hpglpendiameter 15.000000)
      (psnegative false)
      (psa4output false)
      (plotreference true)
      (plotvalue true)
      (plotinvisibletext false)
      (padsonsilk false)
      (subtractmaskfromsilk false)
      (outputformat 1)
      (mirror false)
      (drillshape 0)
      (scaleselection 1)
      (outputdirectory "Gerbers/"))
  )

  (net 0 "")
  (net 1 "Net-(BT1-Pad1)")
  (net 2 "Net-(BT1-Pad2)")
  (net 3 "Net-(C1-Pad1)")
  (net 4 "Net-(C1-Pad2)")
  (net 5 "Net-(C2-Pad1)")
  (net 6 "Net-(C3-Pad1)")
  (net 7 "Net-(C4-Pad1)")
  (net 8 "Net-(C4-Pad2)")
  (net 9 "Net-(C5-Pad2)")
  (net 10 "Net-(C5-Pad1)")
  (net 11 "Net-(C6-Pad1)")
  (net 12 "Net-(C7-Pad1)")
  (net 13 "Net-(C8-Pad1)")
  (net 14 "Net-(C8-Pad2)")
  (net 15 "Net-(C10-Pad2)")
  (net 16 "Net-(C10-Pad1)")
  (net 17 GND)
  (net 18 "Net-(C11-Pad2)")
  (net 19 "Net-(C12-Pad2)")
  (net 20 "Net-(C12-Pad1)")
  (net 21 "Net-(C13-Pad2)")
  (net 22 "Net-(C13-Pad1)")
  (net 23 "Net-(D5-Pad2)")
  (net 24 "Net-(J1-Pad3)")
  (net 25 "Net-(J2-Pad1)")
  (net 26 "Net-(Q1-Pad1)")
  (net 27 "Net-(Q2-Pad1)")
  (net 28 "Net-(Q3-Pad1)")
  (net 29 "Net-(Q4-Pad1)")
  (net 30 "Net-(R1-Pad2)")
  (net 31 "Net-(R6-Pad2)")
  (net 32 "Net-(R23-Pad1)")
  (net 33 "Net-(S1-PadP$6)")
  (net 34 "Net-(S1-PadP$8)")

  (net_class Default "This is the default net class."
    (clearance 0.2)
    (trace_width 0.25)
    (via_dia 0.8)
    (via_drill 0.4)
    (uvia_dia 0.3)
    (uvia_drill 0.1)
    (add_net GND)
    (add_net "Net-(BT1-Pad1)")
    (add_net "Net-(BT1-Pad2)")
    (add_net "Net-(C1-Pad1)")
    (add_net "Net-(C1-Pad2)")
    (add_net "Net-(C10-Pad1)")
    (add_net "Net-(C10-Pad2)")
    (add_net "Net-(C11-Pad2)")
    (add_net "Net-(C12-Pad1)")
    (add_net "Net-(C12-Pad2)")
    (add_net "Net-(C13-Pad1)")
    (add_net "Net-(C13-Pad2)")
    (add_net "Net-(C2-Pad1)")
    (add_net "Net-(C3-Pad1)")
    (add_net "Net-(C4-Pad1)")
    (add_net "Net-(C4-Pad2)")
    (add_net "Net-(C5-Pad1)")
    (add_net "Net-(C5-Pad2)")
    (add_net "Net-(C6-Pad1)")
    (add_net "Net-(C7-Pad1)")
    (add_net "Net-(C8-Pad1)")
    (add_net "Net-(C8-Pad2)")
    (add_net "Net-(D5-Pad2)")
    (add_net "Net-(J1-Pad3)")
    (add_net "Net-(J2-Pad1)")
    (add_net "Net-(Q1-Pad1)")
    (add_net "Net-(Q2-Pad1)")
    (add_net "Net-(Q3-Pad1)")
    (add_net "Net-(Q4-Pad1)")
    (add_net "Net-(R1-Pad2)")
    (add_net "Net-(R23-Pad1)")
    (add_net "Net-(R6-Pad2)")
    (add_net "Net-(S1-PadP$6)")
    (add_net "Net-(S1-PadP$8)")
  )

  (module Connector_PinHeader_2.00mm:PinHeader_1x02_P2.00mm_Vertical (layer F.Cu) (tedit 59FED667) (tstamp 5F977F84)
    (at 106.68 81.915)
    (descr "Through hole straight pin header, 1x02, 2.00mm pitch, single row")
    (tags "Through hole pin header THT 1x02 2.00mm single row")
    (path /5F96D4A6)
    (fp_text reference BT1 (at 0 -2.06) (layer F.SilkS)
      (effects (font (size 1 1) (thickness 0.15)))
    )
    (fp_text value Battery (at 0 4.06) (layer F.Fab)
      (effects (font (size 1 1) (thickness 0.15)))
    )
    (fp_line (start -0.5 -1) (end 1 -1) (layer F.Fab) (width 0.1))
    (fp_line (start 1 -1) (end 1 3) (layer F.Fab) (width 0.1))
    (fp_line (start 1 3) (end -1 3) (layer F.Fab) (width 0.1))
    (fp_line (start -1 3) (end -1 -0.5) (layer F.Fab) (width 0.1))
    (fp_line (start -1 -0.5) (end -0.5 -1) (layer F.Fab) (width 0.1))
    (fp_line (start -1.06 3.06) (end 1.06 3.06) (layer F.SilkS) (width 0.12))
    (fp_line (start -1.06 1) (end -1.06 3.06) (layer F.SilkS) (width 0.12))
    (fp_line (start 1.06 1) (end 1.06 3.06) (layer F.SilkS) (width 0.12))
    (fp_line (start -1.06 1) (end 1.06 1) (layer F.SilkS) (width 0.12))
    (fp_line (start -1.06 0) (end -1.06 -1.06) (layer F.SilkS) (width 0.12))
    (fp_line (start -1.06 -1.06) (end 0 -1.06) (layer F.SilkS) (width 0.12))
    (fp_line (start -1.5 -1.5) (end -1.5 3.5) (layer F.CrtYd) (width 0.05))
    (fp_line (start -1.5 3.5) (end 1.5 3.5) (layer F.CrtYd) (width 0.05))
    (fp_line (start 1.5 3.5) (end 1.5 -1.5) (layer F.CrtYd) (width 0.05))
    (fp_line (start 1.5 -1.5) (end -1.5 -1.5) (layer F.CrtYd) (width 0.05))
    (fp_text user %R (at 0 1 90) (layer F.Fab)
      (effects (font (size 1 1) (thickness 0.15)))
    )
    (pad 1 thru_hole rect (at 0 0) (size 1.35 1.35) (drill 0.8) (layers *.Cu *.Mask)
      (net 1 "Net-(BT1-Pad1)"))
    (pad 2 thru_hole oval (at 0 2) (size 1.35 1.35) (drill 0.8) (layers *.Cu *.Mask)
      (net 2 "Net-(BT1-Pad2)"))
    (model ${KISYS3DMOD}/Connector_PinHeader_2.00mm.3dshapes/PinHeader_1x02_P2.00mm_Vertical.wrl
      (at (xyz 0 0 0))
      (scale (xyz 1 1 1))
      (rotate (xyz 0 0 0))
    )
  )

  (module LED_THT:LED_D3.0mm (layer F.Cu) (tedit 587A3A7B) (tstamp 5F978124)
    (at 116.205 102.235)
    (descr "LED, diameter 3.0mm, 2 pins")
    (tags "LED diameter 3.0mm 2 pins")
    (path /5F98B388)
    (fp_text reference D5 (at 1.27 -2.96) (layer F.SilkS) hide
      (effects (font (size 1 1) (thickness 0.15)))
    )
    (fp_text value LED (at 1.27 2.96) (layer F.Fab)
      (effects (font (size 1 1) (thickness 0.15)))
    )
    (fp_circle (center 1.27 0) (end 2.77 0) (layer F.Fab) (width 0.1))
    (fp_line (start -0.23 -1.16619) (end -0.23 1.16619) (layer F.Fab) (width 0.1))
    (fp_line (start -0.29 -1.236) (end -0.29 -1.08) (layer F.SilkS) (width 0.12))
    (fp_line (start -0.29 1.08) (end -0.29 1.236) (layer F.SilkS) (width 0.12))
    (fp_line (start -1.15 -2.25) (end -1.15 2.25) (layer F.CrtYd) (width 0.05))
    (fp_line (start -1.15 2.25) (end 3.7 2.25) (layer F.CrtYd) (width 0.05))
    (fp_line (start 3.7 2.25) (end 3.7 -2.25) (layer F.CrtYd) (width 0.05))
    (fp_line (start 3.7 -2.25) (end -1.15 -2.25) (layer F.CrtYd) (width 0.05))
    (fp_arc (start 1.27 0) (end -0.23 -1.16619) (angle 284.3) (layer F.Fab) (width 0.1))
    (fp_arc (start 1.27 0) (end -0.29 -1.235516) (angle 108.8) (layer F.SilkS) (width 0.12))
    (fp_arc (start 1.27 0) (end -0.29 1.235516) (angle -108.8) (layer F.SilkS) (width 0.12))
    (fp_arc (start 1.27 0) (end 0.229039 -1.08) (angle 87.9) (layer F.SilkS) (width 0.12))
    (fp_arc (start 1.27 0) (end 0.229039 1.08) (angle -87.9) (layer F.SilkS) (width 0.12))
    (pad 1 thru_hole rect (at 0 0) (size 1.8 1.8) (drill 0.9) (layers *.Cu *.Mask)
      (net 17 GND))
    (pad 2 thru_hole circle (at 2.54 0) (size 1.8 1.8) (drill 0.9) (layers *.Cu *.Mask)
      (net 23 "Net-(D5-Pad2)"))
    (model ${KISYS3DMOD}/LED_THT.3dshapes/LED_D3.0mm.wrl
      (at (xyz 0 0 0))
      (scale (xyz 1 1 1))
      (rotate (xyz 0 0 0))
    )
  )

  (module Connector_PinHeader_2.00mm:PinHeader_1x03_P2.00mm_Vertical (layer F.Cu) (tedit 59FED667) (tstamp 5F97813B)
    (at 106.68 88.265)
    (descr "Through hole straight pin header, 1x03, 2.00mm pitch, single row")
    (tags "Through hole pin header THT 1x03 2.00mm single row")
    (path /5F95E152)
    (fp_text reference J1 (at 0 -2.06) (layer F.SilkS)
      (effects (font (size 1 1) (thickness 0.15)))
    )
    (fp_text value AudioJack3 (at 0 6.06) (layer F.Fab)
      (effects (font (size 1 1) (thickness 0.15)))
    )
    (fp_line (start -0.5 -1) (end 1 -1) (layer F.Fab) (width 0.1))
    (fp_line (start 1 -1) (end 1 5) (layer F.Fab) (width 0.1))
    (fp_line (start 1 5) (end -1 5) (layer F.Fab) (width 0.1))
    (fp_line (start -1 5) (end -1 -0.5) (layer F.Fab) (width 0.1))
    (fp_line (start -1 -0.5) (end -0.5 -1) (layer F.Fab) (width 0.1))
    (fp_line (start -1.06 5.06) (end 1.06 5.06) (layer F.SilkS) (width 0.12))
    (fp_line (start -1.06 1) (end -1.06 5.06) (layer F.SilkS) (width 0.12))
    (fp_line (start 1.06 1) (end 1.06 5.06) (layer F.SilkS) (width 0.12))
    (fp_line (start -1.06 1) (end 1.06 1) (layer F.SilkS) (width 0.12))
    (fp_line (start -1.06 0) (end -1.06 -1.06) (layer F.SilkS) (width 0.12))
    (fp_line (start -1.06 -1.06) (end 0 -1.06) (layer F.SilkS) (width 0.12))
    (fp_line (start -1.5 -1.5) (end -1.5 5.5) (layer F.CrtYd) (width 0.05))
    (fp_line (start -1.5 5.5) (end 1.5 5.5) (layer F.CrtYd) (width 0.05))
    (fp_line (start 1.5 5.5) (end 1.5 -1.5) (layer F.CrtYd) (width 0.05))
    (fp_line (start 1.5 -1.5) (end -1.5 -1.5) (layer F.CrtYd) (width 0.05))
    (fp_text user %R (at 0 2 90) (layer F.Fab)
      (effects (font (size 1 1) (thickness 0.15)))
    )
    (pad 1 thru_hole rect (at 0 0) (size 1.35 1.35) (drill 0.8) (layers *.Cu *.Mask)
      (net 17 GND))
    (pad 2 thru_hole oval (at 0 2) (size 1.35 1.35) (drill 0.8) (layers *.Cu *.Mask)
      (net 2 "Net-(BT1-Pad2)"))
    (pad 3 thru_hole oval (at 0 4) (size 1.35 1.35) (drill 0.8) (layers *.Cu *.Mask)
      (net 24 "Net-(J1-Pad3)"))
    (model ${KISYS3DMOD}/Connector_PinHeader_2.00mm.3dshapes/PinHeader_1x03_P2.00mm_Vertical.wrl
      (at (xyz 0 0 0))
      (scale (xyz 1 1 1))
      (rotate (xyz 0 0 0))
    )
  )

  (module Connector_PinHeader_2.00mm:PinHeader_1x02_P2.00mm_Vertical (layer F.Cu) (tedit 59FED667) (tstamp 5F978151)
    (at 152.4 86.995 180)
    (descr "Through hole straight pin header, 1x02, 2.00mm pitch, single row")
    (tags "Through hole pin header THT 1x02 2.00mm single row")
    (path /5F95CCEC)
    (fp_text reference J2 (at 0 -2.06) (layer F.SilkS)
      (effects (font (size 1 1) (thickness 0.15)))
    )
    (fp_text value AudioJack2 (at 0 4.06) (layer F.Fab)
      (effects (font (size 1 1) (thickness 0.15)))
    )
    (fp_line (start -0.5 -1) (end 1 -1) (layer F.Fab) (width 0.1))
    (fp_line (start 1 -1) (end 1 3) (layer F.Fab) (width 0.1))
    (fp_line (start 1 3) (end -1 3) (layer F.Fab) (width 0.1))
    (fp_line (start -1 3) (end -1 -0.5) (layer F.Fab) (width 0.1))
    (fp_line (start -1 -0.5) (end -0.5 -1) (layer F.Fab) (width 0.1))
    (fp_line (start -1.06 3.06) (end 1.06 3.06) (layer F.SilkS) (width 0.12))
    (fp_line (start -1.06 1) (end -1.06 3.06) (layer F.SilkS) (width 0.12))
    (fp_line (start 1.06 1) (end 1.06 3.06) (layer F.SilkS) (width 0.12))
    (fp_line (start -1.06 1) (end 1.06 1) (layer F.SilkS) (width 0.12))
    (fp_line (start -1.06 0) (end -1.06 -1.06) (layer F.SilkS) (width 0.12))
    (fp_line (start -1.06 -1.06) (end 0 -1.06) (layer F.SilkS) (width 0.12))
    (fp_line (start -1.5 -1.5) (end -1.5 3.5) (layer F.CrtYd) (width 0.05))
    (fp_line (start -1.5 3.5) (end 1.5 3.5) (layer F.CrtYd) (width 0.05))
    (fp_line (start 1.5 3.5) (end 1.5 -1.5) (layer F.CrtYd) (width 0.05))
    (fp_line (start 1.5 -1.5) (end -1.5 -1.5) (layer F.CrtYd) (width 0.05))
    (fp_text user %R (at 0 1 90) (layer F.Fab)
      (effects (font (size 1 1) (thickness 0.15)))
    )
    (pad 1 thru_hole rect (at 0 0 180) (size 1.35 1.35) (drill 0.8) (layers *.Cu *.Mask)
      (net 25 "Net-(J2-Pad1)"))
    (pad 2 thru_hole oval (at 0 2 180) (size 1.35 1.35) (drill 0.8) (layers *.Cu *.Mask)
      (net 17 GND))
    (model ${KISYS3DMOD}/Connector_PinHeader_2.00mm.3dshapes/PinHeader_1x02_P2.00mm_Vertical.wrl
      (at (xyz 0 0 0))
      (scale (xyz 1 1 1))
      (rotate (xyz 0 0 0))
    )
  )

  (module Connector_PinHeader_2.00mm:PinHeader_1x03_P2.00mm_Vertical (layer F.Cu) (tedit 59FED667) (tstamp 5F9783C1)
    (at 128.905 66.675 270)
    (descr "Through hole straight pin header, 1x03, 2.00mm pitch, single row")
    (tags "Through hole pin header THT 1x03 2.00mm single row")
    (path /5F973285)
    (fp_text reference SUST1 (at 1.905 1.905 180) (layer F.SilkS)
      (effects (font (size 1 1) (thickness 0.15)))
    )
    (fp_text value 100K (at 0 6.06 90) (layer F.Fab)
      (effects (font (size 1 1) (thickness 0.15)))
    )
    (fp_line (start 1.5 -1.5) (end -1.5 -1.5) (layer F.CrtYd) (width 0.05))
    (fp_line (start 1.5 5.5) (end 1.5 -1.5) (layer F.CrtYd) (width 0.05))
    (fp_line (start -1.5 5.5) (end 1.5 5.5) (layer F.CrtYd) (width 0.05))
    (fp_line (start -1.5 -1.5) (end -1.5 5.5) (layer F.CrtYd) (width 0.05))
    (fp_line (start -1.06 -1.06) (end 0 -1.06) (layer F.SilkS) (width 0.12))
    (fp_line (start -1.06 0) (end -1.06 -1.06) (layer F.SilkS) (width 0.12))
    (fp_line (start -1.06 1) (end 1.06 1) (layer F.SilkS) (width 0.12))
    (fp_line (start 1.06 1) (end 1.06 5.06) (layer F.SilkS) (width 0.12))
    (fp_line (start -1.06 1) (end -1.06 5.06) (layer F.SilkS) (width 0.12))
    (fp_line (start -1.06 5.06) (end 1.06 5.06) (layer F.SilkS) (width 0.12))
    (fp_line (start -1 -0.5) (end -0.5 -1) (layer F.Fab) (width 0.1))
    (fp_line (start -1 5) (end -1 -0.5) (layer F.Fab) (width 0.1))
    (fp_line (start 1 5) (end -1 5) (layer F.Fab) (width 0.1))
    (fp_line (start 1 -1) (end 1 5) (layer F.Fab) (width 0.1))
    (fp_line (start -0.5 -1) (end 1 -1) (layer F.Fab) (width 0.1))
    (fp_text user %R (at 0 2) (layer F.Fab)
      (effects (font (size 1 1) (thickness 0.15)))
    )
    (pad 3 thru_hole oval (at 0 4 270) (size 1.35 1.35) (drill 0.8) (layers *.Cu *.Mask)
      (net 31 "Net-(R6-Pad2)"))
    (pad 2 thru_hole oval (at 0 2 270) (size 1.35 1.35) (drill 0.8) (layers *.Cu *.Mask)
      (net 8 "Net-(C4-Pad2)"))
    (pad 1 thru_hole rect (at 0 0 270) (size 1.35 1.35) (drill 0.8) (layers *.Cu *.Mask)
      (net 6 "Net-(C3-Pad1)"))
    (model ${KISYS3DMOD}/Connector_PinHeader_2.00mm.3dshapes/PinHeader_1x03_P2.00mm_Vertical.wrl
      (at (xyz 0 0 0))
      (scale (xyz 1 1 1))
      (rotate (xyz 0 0 0))
    )
  )

  (module Connector_PinHeader_2.00mm:PinHeader_1x03_P2.00mm_Vertical (layer F.Cu) (tedit 59FED667) (tstamp 5F97841A)
    (at 132.08 66.675 90)
    (descr "Through hole straight pin header, 1x03, 2.00mm pitch, single row")
    (tags "Through hole pin header THT 1x03 2.00mm single row")
    (path /5F9BF9C4)
    (fp_text reference TONE1 (at -1.905 1.905 180) (layer F.SilkS)
      (effects (font (size 1 1) (thickness 0.15)))
    )
    (fp_text value 100K (at 0 6.06 90) (layer F.Fab)
      (effects (font (size 1 1) (thickness 0.15)))
    )
    (fp_line (start 1.5 -1.5) (end -1.5 -1.5) (layer F.CrtYd) (width 0.05))
    (fp_line (start 1.5 5.5) (end 1.5 -1.5) (layer F.CrtYd) (width 0.05))
    (fp_line (start -1.5 5.5) (end 1.5 5.5) (layer F.CrtYd) (width 0.05))
    (fp_line (start -1.5 -1.5) (end -1.5 5.5) (layer F.CrtYd) (width 0.05))
    (fp_line (start -1.06 -1.06) (end 0 -1.06) (layer F.SilkS) (width 0.12))
    (fp_line (start -1.06 0) (end -1.06 -1.06) (layer F.SilkS) (width 0.12))
    (fp_line (start -1.06 1) (end 1.06 1) (layer F.SilkS) (width 0.12))
    (fp_line (start 1.06 1) (end 1.06 5.06) (layer F.SilkS) (width 0.12))
    (fp_line (start -1.06 1) (end -1.06 5.06) (layer F.SilkS) (width 0.12))
    (fp_line (start -1.06 5.06) (end 1.06 5.06) (layer F.SilkS) (width 0.12))
    (fp_line (start -1 -0.5) (end -0.5 -1) (layer F.Fab) (width 0.1))
    (fp_line (start -1 5) (end -1 -0.5) (layer F.Fab) (width 0.1))
    (fp_line (start 1 5) (end -1 5) (layer F.Fab) (width 0.1))
    (fp_line (start 1 -1) (end 1 5) (layer F.Fab) (width 0.1))
    (fp_line (start -0.5 -1) (end 1 -1) (layer F.Fab) (width 0.1))
    (fp_text user %R (at 0 2) (layer F.Fab)
      (effects (font (size 1 1) (thickness 0.15)))
    )
    (pad 3 thru_hole oval (at 0 4 90) (size 1.35 1.35) (drill 0.8) (layers *.Cu *.Mask)
      (net 18 "Net-(C11-Pad2)"))
    (pad 2 thru_hole oval (at 0 2 90) (size 1.35 1.35) (drill 0.8) (layers *.Cu *.Mask)
      (net 20 "Net-(C12-Pad1)"))
    (pad 1 thru_hole rect (at 0 0 90) (size 1.35 1.35) (drill 0.8) (layers *.Cu *.Mask)
      (net 16 "Net-(C10-Pad1)"))
    (model ${KISYS3DMOD}/Connector_PinHeader_2.00mm.3dshapes/PinHeader_1x03_P2.00mm_Vertical.wrl
      (at (xyz 0 0 0))
      (scale (xyz 1 1 1))
      (rotate (xyz 0 0 0))
    )
  )

  (module Connector_PinHeader_2.00mm:PinHeader_1x03_P2.00mm_Vertical (layer F.Cu) (tedit 59FED667) (tstamp 5F978431)
    (at 143.51 66.675 270)
    (descr "Through hole straight pin header, 1x03, 2.00mm pitch, single row")
    (tags "Through hole pin header THT 1x03 2.00mm single row")
    (path /5F9DAE5D)
    (fp_text reference VOL1 (at 1.905 1.905 180) (layer F.SilkS)
      (effects (font (size 1 1) (thickness 0.15)))
    )
    (fp_text value 100K (at 0 6.06 90) (layer F.Fab)
      (effects (font (size 1 1) (thickness 0.15)))
    )
    (fp_line (start -0.5 -1) (end 1 -1) (layer F.Fab) (width 0.1))
    (fp_line (start 1 -1) (end 1 5) (layer F.Fab) (width 0.1))
    (fp_line (start 1 5) (end -1 5) (layer F.Fab) (width 0.1))
    (fp_line (start -1 5) (end -1 -0.5) (layer F.Fab) (width 0.1))
    (fp_line (start -1 -0.5) (end -0.5 -1) (layer F.Fab) (width 0.1))
    (fp_line (start -1.06 5.06) (end 1.06 5.06) (layer F.SilkS) (width 0.12))
    (fp_line (start -1.06 1) (end -1.06 5.06) (layer F.SilkS) (width 0.12))
    (fp_line (start 1.06 1) (end 1.06 5.06) (layer F.SilkS) (width 0.12))
    (fp_line (start -1.06 1) (end 1.06 1) (layer F.SilkS) (width 0.12))
    (fp_line (start -1.06 0) (end -1.06 -1.06) (layer F.SilkS) (width 0.12))
    (fp_line (start -1.06 -1.06) (end 0 -1.06) (layer F.SilkS) (width 0.12))
    (fp_line (start -1.5 -1.5) (end -1.5 5.5) (layer F.CrtYd) (width 0.05))
    (fp_line (start -1.5 5.5) (end 1.5 5.5) (layer F.CrtYd) (width 0.05))
    (fp_line (start 1.5 5.5) (end 1.5 -1.5) (layer F.CrtYd) (width 0.05))
    (fp_line (start 1.5 -1.5) (end -1.5 -1.5) (layer F.CrtYd) (width 0.05))
    (fp_text user %R (at 0 2) (layer F.Fab)
      (effects (font (size 1 1) (thickness 0.15)))
    )
    (pad 1 thru_hole rect (at 0 0 270) (size 1.35 1.35) (drill 0.8) (layers *.Cu *.Mask)
      (net 21 "Net-(C13-Pad2)"))
    (pad 2 thru_hole oval (at 0 2 270) (size 1.35 1.35) (drill 0.8) (layers *.Cu *.Mask)
      (net 34 "Net-(S1-PadP$8)"))
    (pad 3 thru_hole oval (at 0 4 270) (size 1.35 1.35) (drill 0.8) (layers *.Cu *.Mask)
      (net 17 GND))
    (model ${KISYS3DMOD}/Connector_PinHeader_2.00mm.3dshapes/PinHeader_1x03_P2.00mm_Vertical.wrl
      (at (xyz 0 0 0))
      (scale (xyz 1 1 1))
      (rotate (xyz 0 0 0))
    )
  )

  (module MuffPi:STOMP_SWITCH_3PDT (layer F.Cu) (tedit 200000) (tstamp 5F98D41F)
    (at 128.524 114.3)
    (descr "3-POLE, DOUBLE-THROW (3PDT) STOMP SWITCH")
    (tags "3-POLE, DOUBLE-THROW (3PDT) STOMP SWITCH")
    (path /5F98BD88)
    (attr virtual)
    (fp_text reference S1 (at 0 -9.144) (layer F.SilkS)
      (effects (font (size 0.6096 0.6096) (thickness 0.127)))
    )
    (fp_text value SWITCH-3PDT-PTH-STOMP (at 0 9.271) (layer F.SilkS)
      (effects (font (size 0.6096 0.6096) (thickness 0.127)))
    )
    (fp_line (start -9.84758 -8.49884) (end 9.84758 -8.49884) (layer F.SilkS) (width 0.2032))
    (fp_line (start 9.84758 -8.49884) (end 9.84758 8.49884) (layer F.SilkS) (width 0.2032))
    (fp_line (start 9.84758 8.49884) (end -9.84758 8.49884) (layer F.SilkS) (width 0.2032))
    (fp_line (start -9.84758 8.49884) (end -9.84758 -8.49884) (layer F.SilkS) (width 0.2032))
    (fp_line (start 0.99822 -5.99948) (end 0.99822 5.99948) (layer Dwgs.User) (width 0.127))
    (fp_line (start 0.99822 5.99948) (end -0.99822 5.99948) (layer Dwgs.User) (width 0.127))
    (fp_line (start -0.99822 5.99948) (end -0.99822 -5.99948) (layer Dwgs.User) (width 0.127))
    (fp_line (start -0.99822 -5.99948) (end 0.99822 -5.99948) (layer Dwgs.User) (width 0.127))
    (fp_line (start 6.2992 -5.99948) (end 4.29768 -5.99948) (layer Dwgs.User) (width 0.127))
    (fp_line (start 4.29768 -5.99948) (end 4.29768 5.99948) (layer Dwgs.User) (width 0.127))
    (fp_line (start 4.29768 5.99948) (end 6.2992 5.99948) (layer Dwgs.User) (width 0.127))
    (fp_line (start 6.2992 5.99948) (end 6.2992 -5.99948) (layer Dwgs.User) (width 0.127))
    (fp_line (start -6.2992 -5.99948) (end -6.2992 5.99948) (layer Dwgs.User) (width 0.127))
    (fp_line (start -6.2992 5.99948) (end -4.29768 5.99948) (layer Dwgs.User) (width 0.127))
    (fp_line (start -4.29768 5.99948) (end -4.29768 -5.99948) (layer Dwgs.User) (width 0.127))
    (fp_line (start -4.29768 -5.99948) (end -6.2992 -5.99948) (layer Dwgs.User) (width 0.127))
    (fp_circle (center 0 0) (end 0 -6.09854) (layer Dwgs.User) (width 0.127))
    (pad P$1 thru_hole circle (at -5.29844 -4.79806) (size 2.54 2.54) (drill 1.19888) (layers *.Cu *.Mask)
      (net 32 "Net-(R23-Pad1)") (solder_mask_margin 0.1016))
    (pad P$2 thru_hole circle (at -5.29844 0) (size 2.54 2.54) (drill 1.19888) (layers *.Cu *.Mask)
      (net 1 "Net-(BT1-Pad1)") (solder_mask_margin 0.1016))
    (pad P$3 thru_hole circle (at -5.29844 4.79806) (size 2.54 2.54) (drill 1.19888) (layers *.Cu *.Mask)
      (solder_mask_margin 0.1016))
    (pad P$4 thru_hole circle (at 0 -4.79806) (size 2.54 2.54) (drill 1.19888) (layers *.Cu *.Mask)
      (net 30 "Net-(R1-Pad2)") (solder_mask_margin 0.1016))
    (pad P$5 thru_hole circle (at 0 0) (size 2.54 2.54) (drill 1.19888) (layers *.Cu *.Mask)
      (net 24 "Net-(J1-Pad3)") (solder_mask_margin 0.1016))
    (pad P$6 thru_hole circle (at 0 4.79806) (size 2.54 2.54) (drill 1.19888) (layers *.Cu *.Mask)
      (net 33 "Net-(S1-PadP$6)") (solder_mask_margin 0.1016))
    (pad P$7 thru_hole circle (at 5.29844 -4.79806) (size 2.54 2.54) (drill 1.19888) (layers *.Cu *.Mask)
      (net 25 "Net-(J2-Pad1)") (solder_mask_margin 0.1016))
    (pad P$8 thru_hole circle (at 5.29844 0) (size 2.54 2.54) (drill 1.19888) (layers *.Cu *.Mask)
      (net 34 "Net-(S1-PadP$8)") (solder_mask_margin 0.1016))
    (pad P$9 thru_hole circle (at 5.29844 4.79806) (size 2.54 2.54) (drill 1.19888) (layers *.Cu *.Mask)
      (net 33 "Net-(S1-PadP$6)") (solder_mask_margin 0.1016))
  )

  (module Capacitor_SMD:C_0603_1608Metric (layer F.Cu) (tedit 5B301BBE) (tstamp 5F9A0BCF)
    (at 106.68 77.47 90)
    (descr "Capacitor SMD 0603 (1608 Metric), square (rectangular) end terminal, IPC_7351 nominal, (Body size source: http://www.tortai-tech.com/upload/download/2011102023233369053.pdf), generated with kicad-footprint-generator")
    (tags capacitor)
    (path /5F965142)
    (attr smd)
    (fp_text reference C1 (at 0 -1.43 90) (layer F.SilkS)
      (effects (font (size 1 1) (thickness 0.15)))
    )
    (fp_text value 0.1uF (at 0 1.43 90) (layer F.Fab)
      (effects (font (size 1 1) (thickness 0.15)))
    )
    (fp_line (start 1.48 0.73) (end -1.48 0.73) (layer F.CrtYd) (width 0.05))
    (fp_line (start 1.48 -0.73) (end 1.48 0.73) (layer F.CrtYd) (width 0.05))
    (fp_line (start -1.48 -0.73) (end 1.48 -0.73) (layer F.CrtYd) (width 0.05))
    (fp_line (start -1.48 0.73) (end -1.48 -0.73) (layer F.CrtYd) (width 0.05))
    (fp_line (start -0.162779 0.51) (end 0.162779 0.51) (layer F.SilkS) (width 0.12))
    (fp_line (start -0.162779 -0.51) (end 0.162779 -0.51) (layer F.SilkS) (width 0.12))
    (fp_line (start 0.8 0.4) (end -0.8 0.4) (layer F.Fab) (width 0.1))
    (fp_line (start 0.8 -0.4) (end 0.8 0.4) (layer F.Fab) (width 0.1))
    (fp_line (start -0.8 -0.4) (end 0.8 -0.4) (layer F.Fab) (width 0.1))
    (fp_line (start -0.8 0.4) (end -0.8 -0.4) (layer F.Fab) (width 0.1))
    (fp_text user %R (at 0 0 90) (layer F.Fab)
      (effects (font (size 0.4 0.4) (thickness 0.06)))
    )
    (pad 1 smd roundrect (at -0.7875 0 90) (size 0.875 0.95) (layers F.Cu F.Paste F.Mask) (roundrect_rratio 0.25)
      (net 3 "Net-(C1-Pad1)"))
    (pad 2 smd roundrect (at 0.7875 0 90) (size 0.875 0.95) (layers F.Cu F.Paste F.Mask) (roundrect_rratio 0.25)
      (net 4 "Net-(C1-Pad2)"))
    (model ${KISYS3DMOD}/Capacitor_SMD.3dshapes/C_0603_1608Metric.wrl
      (at (xyz 0 0 0))
      (scale (xyz 1 1 1))
      (rotate (xyz 0 0 0))
    )
  )

  (module Capacitor_SMD:C_0603_1608Metric (layer F.Cu) (tedit 5B301BBE) (tstamp 5F9A0BDF)
    (at 114.808 82.423 180)
    (descr "Capacitor SMD 0603 (1608 Metric), square (rectangular) end terminal, IPC_7351 nominal, (Body size source: http://www.tortai-tech.com/upload/download/2011102023233369053.pdf), generated with kicad-footprint-generator")
    (tags capacitor)
    (path /5F96C117)
    (attr smd)
    (fp_text reference C2 (at 0 -1.43) (layer F.SilkS)
      (effects (font (size 1 1) (thickness 0.15)))
    )
    (fp_text value 470pF (at 0 1.43) (layer F.Fab)
      (effects (font (size 1 1) (thickness 0.15)))
    )
    (fp_text user %R (at 0 0) (layer F.Fab)
      (effects (font (size 0.4 0.4) (thickness 0.06)))
    )
    (fp_line (start -0.8 0.4) (end -0.8 -0.4) (layer F.Fab) (width 0.1))
    (fp_line (start -0.8 -0.4) (end 0.8 -0.4) (layer F.Fab) (width 0.1))
    (fp_line (start 0.8 -0.4) (end 0.8 0.4) (layer F.Fab) (width 0.1))
    (fp_line (start 0.8 0.4) (end -0.8 0.4) (layer F.Fab) (width 0.1))
    (fp_line (start -0.162779 -0.51) (end 0.162779 -0.51) (layer F.SilkS) (width 0.12))
    (fp_line (start -0.162779 0.51) (end 0.162779 0.51) (layer F.SilkS) (width 0.12))
    (fp_line (start -1.48 0.73) (end -1.48 -0.73) (layer F.CrtYd) (width 0.05))
    (fp_line (start -1.48 -0.73) (end 1.48 -0.73) (layer F.CrtYd) (width 0.05))
    (fp_line (start 1.48 -0.73) (end 1.48 0.73) (layer F.CrtYd) (width 0.05))
    (fp_line (start 1.48 0.73) (end -1.48 0.73) (layer F.CrtYd) (width 0.05))
    (pad 2 smd roundrect (at 0.7875 0 180) (size 0.875 0.95) (layers F.Cu F.Paste F.Mask) (roundrect_rratio 0.25)
      (net 3 "Net-(C1-Pad1)"))
    (pad 1 smd roundrect (at -0.7875 0 180) (size 0.875 0.95) (layers F.Cu F.Paste F.Mask) (roundrect_rratio 0.25)
      (net 5 "Net-(C2-Pad1)"))
    (model ${KISYS3DMOD}/Capacitor_SMD.3dshapes/C_0603_1608Metric.wrl
      (at (xyz 0 0 0))
      (scale (xyz 1 1 1))
      (rotate (xyz 0 0 0))
    )
  )

  (module Capacitor_SMD:C_0603_1608Metric (layer F.Cu) (tedit 5B301BBE) (tstamp 5F9A0BEF)
    (at 127.635 73.025 180)
    (descr "Capacitor SMD 0603 (1608 Metric), square (rectangular) end terminal, IPC_7351 nominal, (Body size source: http://www.tortai-tech.com/upload/download/2011102023233369053.pdf), generated with kicad-footprint-generator")
    (tags capacitor)
    (path /5F972616)
    (attr smd)
    (fp_text reference C3 (at 0 -1.43) (layer F.SilkS)
      (effects (font (size 1 1) (thickness 0.15)))
    )
    (fp_text value 0.1uF (at 0 1.43) (layer F.Fab)
      (effects (font (size 1 1) (thickness 0.15)))
    )
    (fp_text user %R (at 0 0) (layer F.Fab)
      (effects (font (size 0.4 0.4) (thickness 0.06)))
    )
    (fp_line (start -0.8 0.4) (end -0.8 -0.4) (layer F.Fab) (width 0.1))
    (fp_line (start -0.8 -0.4) (end 0.8 -0.4) (layer F.Fab) (width 0.1))
    (fp_line (start 0.8 -0.4) (end 0.8 0.4) (layer F.Fab) (width 0.1))
    (fp_line (start 0.8 0.4) (end -0.8 0.4) (layer F.Fab) (width 0.1))
    (fp_line (start -0.162779 -0.51) (end 0.162779 -0.51) (layer F.SilkS) (width 0.12))
    (fp_line (start -0.162779 0.51) (end 0.162779 0.51) (layer F.SilkS) (width 0.12))
    (fp_line (start -1.48 0.73) (end -1.48 -0.73) (layer F.CrtYd) (width 0.05))
    (fp_line (start -1.48 -0.73) (end 1.48 -0.73) (layer F.CrtYd) (width 0.05))
    (fp_line (start 1.48 -0.73) (end 1.48 0.73) (layer F.CrtYd) (width 0.05))
    (fp_line (start 1.48 0.73) (end -1.48 0.73) (layer F.CrtYd) (width 0.05))
    (pad 2 smd roundrect (at 0.7875 0 180) (size 0.875 0.95) (layers F.Cu F.Paste F.Mask) (roundrect_rratio 0.25)
      (net 5 "Net-(C2-Pad1)"))
    (pad 1 smd roundrect (at -0.7875 0 180) (size 0.875 0.95) (layers F.Cu F.Paste F.Mask) (roundrect_rratio 0.25)
      (net 6 "Net-(C3-Pad1)"))
    (model ${KISYS3DMOD}/Capacitor_SMD.3dshapes/C_0603_1608Metric.wrl
      (at (xyz 0 0 0))
      (scale (xyz 1 1 1))
      (rotate (xyz 0 0 0))
    )
  )

  (module Capacitor_SMD:C_0603_1608Metric (layer F.Cu) (tedit 5B301BBE) (tstamp 5F9A0BFF)
    (at 135.255 73.025 180)
    (descr "Capacitor SMD 0603 (1608 Metric), square (rectangular) end terminal, IPC_7351 nominal, (Body size source: http://www.tortai-tech.com/upload/download/2011102023233369053.pdf), generated with kicad-footprint-generator")
    (tags capacitor)
    (path /5F9762A2)
    (attr smd)
    (fp_text reference C4 (at 0 -1.43) (layer F.SilkS)
      (effects (font (size 1 1) (thickness 0.15)))
    )
    (fp_text value 0.1uF (at 0 1.43) (layer F.Fab)
      (effects (font (size 1 1) (thickness 0.15)))
    )
    (fp_line (start 1.48 0.73) (end -1.48 0.73) (layer F.CrtYd) (width 0.05))
    (fp_line (start 1.48 -0.73) (end 1.48 0.73) (layer F.CrtYd) (width 0.05))
    (fp_line (start -1.48 -0.73) (end 1.48 -0.73) (layer F.CrtYd) (width 0.05))
    (fp_line (start -1.48 0.73) (end -1.48 -0.73) (layer F.CrtYd) (width 0.05))
    (fp_line (start -0.162779 0.51) (end 0.162779 0.51) (layer F.SilkS) (width 0.12))
    (fp_line (start -0.162779 -0.51) (end 0.162779 -0.51) (layer F.SilkS) (width 0.12))
    (fp_line (start 0.8 0.4) (end -0.8 0.4) (layer F.Fab) (width 0.1))
    (fp_line (start 0.8 -0.4) (end 0.8 0.4) (layer F.Fab) (width 0.1))
    (fp_line (start -0.8 -0.4) (end 0.8 -0.4) (layer F.Fab) (width 0.1))
    (fp_line (start -0.8 0.4) (end -0.8 -0.4) (layer F.Fab) (width 0.1))
    (fp_text user %R (at 0 0) (layer F.Fab)
      (effects (font (size 0.4 0.4) (thickness 0.06)))
    )
    (pad 1 smd roundrect (at -0.7875 0 180) (size 0.875 0.95) (layers F.Cu F.Paste F.Mask) (roundrect_rratio 0.25)
      (net 7 "Net-(C4-Pad1)"))
    (pad 2 smd roundrect (at 0.7875 0 180) (size 0.875 0.95) (layers F.Cu F.Paste F.Mask) (roundrect_rratio 0.25)
      (net 8 "Net-(C4-Pad2)"))
    (model ${KISYS3DMOD}/Capacitor_SMD.3dshapes/C_0603_1608Metric.wrl
      (at (xyz 0 0 0))
      (scale (xyz 1 1 1))
      (rotate (xyz 0 0 0))
    )
  )

  (module Capacitor_SMD:C_0603_1608Metric (layer F.Cu) (tedit 5B301BBE) (tstamp 5F9A0C0F)
    (at 148.844 80.772 90)
    (descr "Capacitor SMD 0603 (1608 Metric), square (rectangular) end terminal, IPC_7351 nominal, (Body size source: http://www.tortai-tech.com/upload/download/2011102023233369053.pdf), generated with kicad-footprint-generator")
    (tags capacitor)
    (path /5F97AD9A)
    (attr smd)
    (fp_text reference C5 (at 0 -1.43 90) (layer F.SilkS)
      (effects (font (size 1 1) (thickness 0.15)))
    )
    (fp_text value 0.1uF (at 0 1.43 90) (layer F.Fab)
      (effects (font (size 1 1) (thickness 0.15)))
    )
    (fp_line (start 1.48 0.73) (end -1.48 0.73) (layer F.CrtYd) (width 0.05))
    (fp_line (start 1.48 -0.73) (end 1.48 0.73) (layer F.CrtYd) (width 0.05))
    (fp_line (start -1.48 -0.73) (end 1.48 -0.73) (layer F.CrtYd) (width 0.05))
    (fp_line (start -1.48 0.73) (end -1.48 -0.73) (layer F.CrtYd) (width 0.05))
    (fp_line (start -0.162779 0.51) (end 0.162779 0.51) (layer F.SilkS) (width 0.12))
    (fp_line (start -0.162779 -0.51) (end 0.162779 -0.51) (layer F.SilkS) (width 0.12))
    (fp_line (start 0.8 0.4) (end -0.8 0.4) (layer F.Fab) (width 0.1))
    (fp_line (start 0.8 -0.4) (end 0.8 0.4) (layer F.Fab) (width 0.1))
    (fp_line (start -0.8 -0.4) (end 0.8 -0.4) (layer F.Fab) (width 0.1))
    (fp_line (start -0.8 0.4) (end -0.8 -0.4) (layer F.Fab) (width 0.1))
    (fp_text user %R (at 0 0 90) (layer F.Fab)
      (effects (font (size 0.4 0.4) (thickness 0.06)))
    )
    (pad 1 smd roundrect (at -0.7875 0 90) (size 0.875 0.95) (layers F.Cu F.Paste F.Mask) (roundrect_rratio 0.25)
      (net 10 "Net-(C5-Pad1)"))
    (pad 2 smd roundrect (at 0.7875 0 90) (size 0.875 0.95) (layers F.Cu F.Paste F.Mask) (roundrect_rratio 0.25)
      (net 9 "Net-(C5-Pad2)"))
    (model ${KISYS3DMOD}/Capacitor_SMD.3dshapes/C_0603_1608Metric.wrl
      (at (xyz 0 0 0))
      (scale (xyz 1 1 1))
      (rotate (xyz 0 0 0))
    )
  )

  (module Capacitor_SMD:C_0603_1608Metric (layer F.Cu) (tedit 5B301BBE) (tstamp 5F9A0C1F)
    (at 140.335 82.55 180)
    (descr "Capacitor SMD 0603 (1608 Metric), square (rectangular) end terminal, IPC_7351 nominal, (Body size source: http://www.tortai-tech.com/upload/download/2011102023233369053.pdf), generated with kicad-footprint-generator")
    (tags capacitor)
    (path /5F979C97)
    (attr smd)
    (fp_text reference C6 (at 0 -1.43) (layer F.SilkS)
      (effects (font (size 1 1) (thickness 0.15)))
    )
    (fp_text value 470pF (at 0 1.43) (layer F.Fab)
      (effects (font (size 1 1) (thickness 0.15)))
    )
    (fp_text user %R (at 0 0) (layer F.Fab)
      (effects (font (size 0.4 0.4) (thickness 0.06)))
    )
    (fp_line (start -0.8 0.4) (end -0.8 -0.4) (layer F.Fab) (width 0.1))
    (fp_line (start -0.8 -0.4) (end 0.8 -0.4) (layer F.Fab) (width 0.1))
    (fp_line (start 0.8 -0.4) (end 0.8 0.4) (layer F.Fab) (width 0.1))
    (fp_line (start 0.8 0.4) (end -0.8 0.4) (layer F.Fab) (width 0.1))
    (fp_line (start -0.162779 -0.51) (end 0.162779 -0.51) (layer F.SilkS) (width 0.12))
    (fp_line (start -0.162779 0.51) (end 0.162779 0.51) (layer F.SilkS) (width 0.12))
    (fp_line (start -1.48 0.73) (end -1.48 -0.73) (layer F.CrtYd) (width 0.05))
    (fp_line (start -1.48 -0.73) (end 1.48 -0.73) (layer F.CrtYd) (width 0.05))
    (fp_line (start 1.48 -0.73) (end 1.48 0.73) (layer F.CrtYd) (width 0.05))
    (fp_line (start 1.48 0.73) (end -1.48 0.73) (layer F.CrtYd) (width 0.05))
    (pad 2 smd roundrect (at 0.7875 0 180) (size 0.875 0.95) (layers F.Cu F.Paste F.Mask) (roundrect_rratio 0.25)
      (net 9 "Net-(C5-Pad2)"))
    (pad 1 smd roundrect (at -0.7875 0 180) (size 0.875 0.95) (layers F.Cu F.Paste F.Mask) (roundrect_rratio 0.25)
      (net 11 "Net-(C6-Pad1)"))
    (model ${KISYS3DMOD}/Capacitor_SMD.3dshapes/C_0603_1608Metric.wrl
      (at (xyz 0 0 0))
      (scale (xyz 1 1 1))
      (rotate (xyz 0 0 0))
    )
  )

  (module Capacitor_SMD:C_0603_1608Metric (layer F.Cu) (tedit 5B301BBE) (tstamp 5F9A0C2F)
    (at 140.335 99.06 90)
    (descr "Capacitor SMD 0603 (1608 Metric), square (rectangular) end terminal, IPC_7351 nominal, (Body size source: http://www.tortai-tech.com/upload/download/2011102023233369053.pdf), generated with kicad-footprint-generator")
    (tags capacitor)
    (path /5F988EDC)
    (attr smd)
    (fp_text reference C7 (at 0 -1.43 90) (layer F.SilkS)
      (effects (font (size 1 1) (thickness 0.15)))
    )
    (fp_text value 0.1uF (at 0 1.43 90) (layer F.Fab)
      (effects (font (size 1 1) (thickness 0.15)))
    )
    (fp_line (start 1.48 0.73) (end -1.48 0.73) (layer F.CrtYd) (width 0.05))
    (fp_line (start 1.48 -0.73) (end 1.48 0.73) (layer F.CrtYd) (width 0.05))
    (fp_line (start -1.48 -0.73) (end 1.48 -0.73) (layer F.CrtYd) (width 0.05))
    (fp_line (start -1.48 0.73) (end -1.48 -0.73) (layer F.CrtYd) (width 0.05))
    (fp_line (start -0.162779 0.51) (end 0.162779 0.51) (layer F.SilkS) (width 0.12))
    (fp_line (start -0.162779 -0.51) (end 0.162779 -0.51) (layer F.SilkS) (width 0.12))
    (fp_line (start 0.8 0.4) (end -0.8 0.4) (layer F.Fab) (width 0.1))
    (fp_line (start 0.8 -0.4) (end 0.8 0.4) (layer F.Fab) (width 0.1))
    (fp_line (start -0.8 -0.4) (end 0.8 -0.4) (layer F.Fab) (width 0.1))
    (fp_line (start -0.8 0.4) (end -0.8 -0.4) (layer F.Fab) (width 0.1))
    (fp_text user %R (at 0 0 90) (layer F.Fab)
      (effects (font (size 0.4 0.4) (thickness 0.06)))
    )
    (pad 1 smd roundrect (at -0.7875 0 90) (size 0.875 0.95) (layers F.Cu F.Paste F.Mask) (roundrect_rratio 0.25)
      (net 12 "Net-(C7-Pad1)"))
    (pad 2 smd roundrect (at 0.7875 0 90) (size 0.875 0.95) (layers F.Cu F.Paste F.Mask) (roundrect_rratio 0.25)
      (net 11 "Net-(C6-Pad1)"))
    (model ${KISYS3DMOD}/Capacitor_SMD.3dshapes/C_0603_1608Metric.wrl
      (at (xyz 0 0 0))
      (scale (xyz 1 1 1))
      (rotate (xyz 0 0 0))
    )
  )

  (module Capacitor_SMD:C_0603_1608Metric (layer F.Cu) (tedit 5B301BBE) (tstamp 5F9A0C3F)
    (at 149.225 83.82 270)
    (descr "Capacitor SMD 0603 (1608 Metric), square (rectangular) end terminal, IPC_7351 nominal, (Body size source: http://www.tortai-tech.com/upload/download/2011102023233369053.pdf), generated with kicad-footprint-generator")
    (tags capacitor)
    (path /5F9B07B7)
    (attr smd)
    (fp_text reference C8 (at 0 -1.43 90) (layer F.SilkS)
      (effects (font (size 1 1) (thickness 0.15)))
    )
    (fp_text value 0.1uF (at 0 1.43 90) (layer F.Fab)
      (effects (font (size 1 1) (thickness 0.15)))
    )
    (fp_line (start 1.48 0.73) (end -1.48 0.73) (layer F.CrtYd) (width 0.05))
    (fp_line (start 1.48 -0.73) (end 1.48 0.73) (layer F.CrtYd) (width 0.05))
    (fp_line (start -1.48 -0.73) (end 1.48 -0.73) (layer F.CrtYd) (width 0.05))
    (fp_line (start -1.48 0.73) (end -1.48 -0.73) (layer F.CrtYd) (width 0.05))
    (fp_line (start -0.162779 0.51) (end 0.162779 0.51) (layer F.SilkS) (width 0.12))
    (fp_line (start -0.162779 -0.51) (end 0.162779 -0.51) (layer F.SilkS) (width 0.12))
    (fp_line (start 0.8 0.4) (end -0.8 0.4) (layer F.Fab) (width 0.1))
    (fp_line (start 0.8 -0.4) (end 0.8 0.4) (layer F.Fab) (width 0.1))
    (fp_line (start -0.8 -0.4) (end 0.8 -0.4) (layer F.Fab) (width 0.1))
    (fp_line (start -0.8 0.4) (end -0.8 -0.4) (layer F.Fab) (width 0.1))
    (fp_text user %R (at 0 0 90) (layer F.Fab)
      (effects (font (size 0.4 0.4) (thickness 0.06)))
    )
    (pad 1 smd roundrect (at -0.7875 0 270) (size 0.875 0.95) (layers F.Cu F.Paste F.Mask) (roundrect_rratio 0.25)
      (net 13 "Net-(C8-Pad1)"))
    (pad 2 smd roundrect (at 0.7875 0 270) (size 0.875 0.95) (layers F.Cu F.Paste F.Mask) (roundrect_rratio 0.25)
      (net 14 "Net-(C8-Pad2)"))
    (model ${KISYS3DMOD}/Capacitor_SMD.3dshapes/C_0603_1608Metric.wrl
      (at (xyz 0 0 0))
      (scale (xyz 1 1 1))
      (rotate (xyz 0 0 0))
    )
  )

  (module Capacitor_SMD:C_0603_1608Metric (layer F.Cu) (tedit 5B301BBE) (tstamp 5F9A0C4F)
    (at 132.715 100.33)
    (descr "Capacitor SMD 0603 (1608 Metric), square (rectangular) end terminal, IPC_7351 nominal, (Body size source: http://www.tortai-tech.com/upload/download/2011102023233369053.pdf), generated with kicad-footprint-generator")
    (tags capacitor)
    (path /5F9AE930)
    (attr smd)
    (fp_text reference C9 (at 0 -1.43) (layer F.SilkS)
      (effects (font (size 1 1) (thickness 0.15)))
    )
    (fp_text value 470pF (at 0 1.43) (layer F.Fab)
      (effects (font (size 1 1) (thickness 0.15)))
    )
    (fp_text user %R (at 0 0) (layer F.Fab)
      (effects (font (size 0.4 0.4) (thickness 0.06)))
    )
    (fp_line (start -0.8 0.4) (end -0.8 -0.4) (layer F.Fab) (width 0.1))
    (fp_line (start -0.8 -0.4) (end 0.8 -0.4) (layer F.Fab) (width 0.1))
    (fp_line (start 0.8 -0.4) (end 0.8 0.4) (layer F.Fab) (width 0.1))
    (fp_line (start 0.8 0.4) (end -0.8 0.4) (layer F.Fab) (width 0.1))
    (fp_line (start -0.162779 -0.51) (end 0.162779 -0.51) (layer F.SilkS) (width 0.12))
    (fp_line (start -0.162779 0.51) (end 0.162779 0.51) (layer F.SilkS) (width 0.12))
    (fp_line (start -1.48 0.73) (end -1.48 -0.73) (layer F.CrtYd) (width 0.05))
    (fp_line (start -1.48 -0.73) (end 1.48 -0.73) (layer F.CrtYd) (width 0.05))
